%% Common Parameters
 IOP = [6.7451660984e-2,-1.1709829919e-1,8.1671200690];
dist = [-2.9350008918e-4, 9.2190322166e-6,-2.2562559450e-7,
         6.1878890685e-5,-7.2907688047e-5,0];

XA = [3.731135328;0.90108606018;1.8511589932;2.8010339963;3.7422959221;0.90892725171;1.8588605461;2.8062554595;3.7520655984;0.91454137562;1.8596674595;2.8078118825;3.7544680979;0;1.8642980884;2.8111736654;3.7628755375;0.89829592555;1.8428648416;2.7928032424;-0.036927916146;-0.037704361429;-0.024722332105;0.9263914178;-0.044038221723];
YA = [3.731135328;0.90108606018;1.8511589932;2.8010339963;3.7422959221;0.90892725171;1.8588605461;2.8062554595;3.7520655984;0.91454137562;1.8596674595;2.8078118825;3.7544680979;0;1.8642980884;2.8111736654;3.7628755375;0.89829592555;1.8428648416;2.7928032424;-0.036927916146;-0.037704361429;-0.024722332105;0.9263914178;-0.044038221723];
ZA = [3.731135328;0.90108606018;1.8511589932;2.8010339963;3.7422959221;0.90892725171;1.8588605461;2.8062554595;3.7520655984;0.91454137562;1.8596674595;2.8078118825;3.7544680979;0;1.8642980884;2.8111736654;3.7628755375;0.89829592555;1.8428648416;2.7928032424;-0.036927916146;-0.037704361429;-0.024722332105;0.9263914178;-0.044038221723];
%% Image 1 

EOP = [];
xa = ;
ya = ;
% function [EOP,e,sigma_hat,iter] = LSA(xa,ya,XA,YA,ZA,IOP,dist,EOP)
