
xp:    6.74516613e-002
yp:   -1.17098301e-001
c :    8.16712007e+000

Distortion Parameters
   0.00000000e+000
  -2.93500088e-004
   9.21903219e-006
  -2.25625594e-007
   6.18788938e-005
  -7.29076947e-005
   0.00000000e+000

IOP Covariance Matrix
   1.81027920e-004  -2.82578997e-005   1.41668711e-004   0.00000000e+000   1.18472924e-003  -1.28653580e-005   1.05896651e-007   6.32959921e-003  -1.06060370e-003   0.00000000e+000
  -2.82578997e-005   2.05747526e-004  -1.04263355e-004   0.00000000e+000   1.55488891e-003  -4.73374241e-005   4.89114685e-007  -4.65777706e-004   7.09826032e-003   0.00000000e+000
   1.41668711e-004  -1.04263355e-004   1.32043920e-003   0.00000000e+000  -6.34921187e-003   3.55724191e-004  -3.60093798e-006   2.13208091e-003  -2.21520157e-003   0.00000000e+000
   0.00000000e+000   0.00000000e+000   0.00000000e+000   0.00000000e+000   0.00000000e+000   0.00000000e+000   0.00000000e+000   0.00000000e+000   0.00000000e+000   0.00000000e+000
   1.18472924e-003   1.55488891e-003  -6.34921187e-003   0.00000000e+000   3.35045612e+000  -9.09954512e-002   9.19511563e-004   2.49661765e-001  -9.86543686e-002   0.00000000e+000
  -1.28653580e-005  -4.73374241e-005   3.55724191e-004   0.00000000e+000  -9.09954512e-002   2.96792388e-003  -3.19344488e-005  -2.68993462e-003   8.03770078e-005   0.00000000e+000
   1.05896651e-007   4.89114685e-007  -3.60093798e-006   0.00000000e+000   9.19511563e-004  -3.19344488e-005   3.56614749e-007   2.13397666e-005   1.93569545e-006   0.00000000e+000
   6.32959921e-003  -4.65777706e-004   2.13208091e-003   0.00000000e+000   2.49661765e-001  -2.68993462e-003   2.13397666e-005   4.25421781e-001  -6.45250811e-002   0.00000000e+000
  -1.06060370e-003   7.09826032e-003  -2.21520157e-003   0.00000000e+000  -9.86543686e-002   8.03770078e-005   1.93569545e-006  -6.45250811e-002   4.13715453e-001   0.00000000e+000
   0.00000000e+000   0.00000000e+000   0.00000000e+000   0.00000000e+000   0.00000000e+000   0.00000000e+000   0.00000000e+000   0.00000000e+000   0.00000000e+000   0.00000000e+000
