
Iteration: 1
               Photo       Omega, deg          Phi, deg        Kappa, deg                Xo                Yo                Zo 
  65_01_20180803.jpg -1.65105143e+000   4.02006091e+000  -1.52167086e+000   2.41782801e+000   2.21062603e+000   3.35089395e+000 
  65_02_20180803.jpg -4.22728148e+000   1.38294739e+001  -4.64676060e-001   2.60754044e+000   2.38450485e+000   3.68746577e+000 
  65_03_20180803.jpg  1.71559652e+000  -5.91559036e+000  -2.45323376e+000   1.57881623e+000   2.03788812e+000   3.59156242e+000 
  65_04_20180803.jpg -1.02154089e+001  -1.44097646e+000  -8.12772786e-001   1.91099826e+000   2.69557209e+000   3.09610263e+000 
  65_05_20180803.jpg  9.46567623e+000  -2.23950210e+000  -2.67261508e+000   1.80723202e+000   1.50178877e+000   3.62848442e+000 
  65_06_20180803.jpg -9.92459623e+000  -9.55539460e+000  -1.54460003e+000   1.41754106e+000   2.68949938e+000   3.16803067e+000 
  65_07_20180803.jpg  7.33763160e+000  -6.50172986e+000  -3.53115194e+000   1.55088031e+000   1.63560433e+000   3.59583123e+000 
  65_08_20180803.jpg -1.12420431e+000   7.50853705e+000  -8.66734797e-001   2.39237279e+000   2.17227425e+000   3.49475264e+000 
  65_10_20180803.jpg  1.73283003e-001   3.21597610e+000   8.83730565e+001   2.04070599e+000   1.87678190e+000   3.59189974e+000 
  65_11_20180803.jpg  1.03147839e+000  -8.84016641e+000   8.88357600e+001   1.25996598e+000   1.86588553e+000   3.05146396e+000 
  65_12_20180803.jpg -1.35230016e-001   1.21253864e+001   8.85537868e+001   2.63412155e+000   1.91722981e+000   3.81655787e+000 
  65_13_20180803.jpg -7.82437469e+000   4.20369652e-001   8.84978546e+001   1.83924833e+000   2.30225129e+000   3.23481994e+000 
  65_14_20180803.jpg -9.41998747e+000  -9.97813263e+000   8.63760732e+001   1.24688773e+000   2.37713373e+000   2.91722379e+000 
  65_15_20180803.jpg -5.17235808e+000   8.67391727e+000   8.90253332e+001   2.36145735e+000   2.17143126e+000   3.52517801e+000 
  65_16_20180803.jpg  1.24990752e+001   1.25296660e+000   8.74308526e+001   1.90717501e+000   1.25025264e+000   3.37246932e+000 
  65_18_20180803.jpg  1.43212118e+001   8.63815102e+000   8.62259415e+001   2.39544817e+000   8.64864362e-001   3.66778719e+000 
  65_09_20180803.jpg -8.92691840e+000   4.29551828e+000  -3.03307255e+000   2.41991725e+000   2.82389866e+000   3.58838029e+000 
  65_17_20180803.jpg  1.18979995e+001  -2.93173457e+000   8.92446239e+001   1.60357241e+000   1.02450113e+000   3.14960166e+000 

Iteration: 2
               Photo       Omega, deg          Phi, deg        Kappa, deg                Xo                Yo                Zo 
  65_01_20180803.jpg -1.21039097e+000  -2.17707536e+000   1.82716981e+000   1.93751575e+000   2.08826003e+000   3.21576698e+000 
  65_02_20180803.jpg -4.63754163e+000   9.65074504e+000   2.46715016e+000   2.22716551e+000   2.29473128e+000   3.54321357e+000 
  65_03_20180803.jpg  5.39353443e-001  -1.51609762e+001   1.03029987e+000   9.82937705e-001   1.96624397e+000   3.49069104e+000 
  65_04_20180803.jpg -1.12415044e+001  -7.49173028e+000   1.59287041e+000   1.47760722e+000   2.64192586e+000   2.88959905e+000 
  65_05_20180803.jpg  1.19212381e+001  -1.04643996e+001   1.18967856e+000   1.30034772e+000   1.27951335e+000   3.59949487e+000 
  65_06_20180803.jpg -1.09743785e+001  -1.57536493e+001   8.20943061e-001   1.00664170e+000   2.62257198e+000   2.91467976e+000 
  65_07_20180803.jpg  1.00861358e+001  -1.91369684e+001   9.25222067e-001   8.21888798e-001   1.36980656e+000   3.61179689e+000 
  65_08_20180803.jpg -1.17126155e+000   2.24204189e+000   2.04393863e+000   1.96438297e+000   2.08351851e+000   3.34371631e+000 
  65_10_20180803.jpg -1.26244937e+000  -3.53795781e-001   9.17164161e+001   1.75940411e+000   2.10688316e+000   3.37486305e+000 
  65_11_20180803.jpg -1.54883290e+000  -1.21193974e+001   9.13844652e+001   1.09696081e+000   2.13055737e+000   2.90113809e+000 
  65_12_20180803.jpg -1.52821027e+000   9.12077751e+000   9.20397491e+001   2.36053353e+000   2.14920800e+000   3.63074524e+000 
  65_13_20180803.jpg -1.18261747e+001  -1.52007765e+000   9.19199469e+001   1.68866341e+000   2.59651480e+000   3.07409629e+000 
  65_14_20180803.jpg -1.09700157e+001  -1.31580181e+001   8.96813172e+001   1.07191139e+000   2.53840506e+000   2.63947491e+000 
  65_15_20180803.jpg -9.12678897e+000   7.33236802e+000   9.34150101e+001   2.22031171e+000   2.47989286e+000   3.40344741e+000 
  65_16_20180803.jpg  1.32168182e+001  -6.27043633e-001   9.09639654e+001   1.74349115e+000   1.37381875e+000   3.17299332e+000 
  65_18_20180803.jpg  1.33399372e+001   6.48866893e+000   8.94129359e+001   2.20033060e+000   1.11164032e+000   3.53569041e+000 
  65_09_20180803.jpg -1.47735580e+001  -1.74477634e+000   1.98002846e+000   1.93620933e+000   2.99843670e+000   3.62241712e+000 
  65_17_20180803.jpg  1.13943214e+001  -6.85253326e+000   9.23947443e+001   1.38095565e+000   1.22071037e+000   3.11358763e+000 

Iteration: 3
               Photo       Omega, deg          Phi, deg        Kappa, deg                Xo                Yo                Zo 
  65_01_20180803.jpg -4.74213227e+000  -3.96230436e+000   2.22047609e+000   1.94835714e+000   2.03104010e+000   3.33016393e+000 
  65_02_20180803.jpg -7.97585671e+000   5.90753240e+000   3.54863725e+000   2.13237922e+000   2.21927212e+000   3.67187757e+000 
  65_03_20180803.jpg -3.12993176e+000  -1.77120008e+001   5.24134116e-001   9.20279250e-001   1.89817947e+000   3.58755623e+000 
  65_04_20180803.jpg -1.47956940e+001  -9.78064464e+000   1.63111507e+000   1.44787958e+000   2.59772179e+000   3.02457645e+000 
  65_05_20180803.jpg  8.51345803e+000  -1.30263403e+001   1.35757524e+000   1.22945422e+000   1.18879813e+000   3.67588974e+000 
  65_06_20180803.jpg -1.46745600e+001  -1.79368587e+001   3.27450692e-001   9.66841547e-001   2.57779574e+000   3.05091042e+000 
  65_07_20180803.jpg  6.88757724e+000  -2.15298496e+001   7.69394882e-001   7.46905783e-001   1.27269467e+000   3.65539196e+000 
  65_08_20180803.jpg -4.48681936e+000  -3.85441782e-001   2.78237884e+000   1.92912655e+000   2.00749189e+000   3.46197575e+000 
  65_10_20180803.jpg  9.22699872e-002  -4.89675685e+000   9.24630352e+001   1.69773844e+000   2.14362208e+000   3.49543030e+000 
  65_11_20180803.jpg  4.33224865e-002  -1.66935692e+001   9.26628110e+001   1.01288609e+000   2.14717644e+000   3.02078039e+000 
  65_12_20180803.jpg -3.57701846e-001   4.30060034e+000   9.24011677e+001   2.29105640e+000   2.20880364e+000   3.75223638e+000 
  65_13_20180803.jpg -1.02176577e+001  -6.67797955e+000   9.25076060e+001   1.58973205e+000   2.62957091e+000   3.16709020e+000 
  65_14_20180803.jpg -9.20467932e+000  -1.74022753e+001   9.10297532e+001   1.00875106e+000   2.54938762e+000   2.76858495e+000 
  65_15_20180803.jpg -7.27594209e+000   1.99631857e+000   9.36364784e+001   2.11224893e+000   2.51197415e+000   3.51099977e+000 
  65_16_20180803.jpg  1.40720146e+001  -4.83257448e+000   9.17800122e+001   1.69561781e+000   1.41104780e+000   3.32869535e+000 
  65_18_20180803.jpg  1.44392961e+001   1.64051916e+000   9.00661083e+001   2.12974773e+000   1.13380560e+000   3.67656433e+000 
  65_09_20180803.jpg -1.90782189e+001  -4.65019526e+000   2.17408293e+000   1.87531848e+000   3.01199645e+000   3.74479163e+000 
  65_17_20180803.jpg  1.34269178e+001  -1.14923198e+001   9.35668813e+001   1.29768579e+000   1.20706596e+000   3.24326619e+000 

Iteration: 4
               Photo       Omega, deg          Phi, deg        Kappa, deg                Xo                Yo                Zo 
  65_01_20180803.jpg -5.30744583e+000  -3.59204322e+000   2.12044238e+000   1.96365513e+000   2.08589851e+000   3.35239395e+000 
  65_02_20180803.jpg -7.96000658e+000   5.10269549e+000   3.12696357e+000   2.06493598e+000   2.24570359e+000   3.70168416e+000 
  65_03_20180803.jpg -3.50911176e+000  -1.68029094e+001   4.98086539e-001   9.63144259e-001   1.94665552e+000   3.62123764e+000 
  65_04_20180803.jpg -1.51531873e+001  -9.48163412e+000   1.50654684e+000   1.45422671e+000   2.64009308e+000   3.04354170e+000 
  65_05_20180803.jpg  7.88978516e+000  -1.21549818e+001   1.23294503e+000   1.27576941e+000   1.24772830e+000   3.71962184e+000 
  65_06_20180803.jpg -1.49462592e+001  -1.73261321e+001   3.24425477e-001   9.88939223e-001   2.61731282e+000   3.07367987e+000 
  65_07_20180803.jpg  6.35246012e+000  -2.02978650e+001   7.04329415e-001   8.14207018e-001   1.32686205e+000   3.70999135e+000 
  65_08_20180803.jpg -4.82879616e+000  -6.13275796e-001   2.56064567e+000   1.90424424e+000   2.05183100e+000   3.49008817e+000 
  65_10_20180803.jpg -5.17347698e-001  -4.72721321e+000   9.24672419e+001   1.68380834e+000   2.16625620e+000   3.52154367e+000 
  65_11_20180803.jpg -3.97795994e-001  -1.62641068e+001   9.26717204e+001   1.01056705e+000   2.15881555e+000   3.05140805e+000 
  65_12_20180803.jpg -9.36444917e-001   4.18347709e+000   9.25018237e+001   2.26078685e+000   2.22892740e+000   3.77512415e+000 
  65_13_20180803.jpg -9.95443917e+000  -6.40638343e+000   9.26437080e+001   1.57891332e+000   2.60328323e+000   3.21533831e+000 
  65_14_20180803.jpg -9.13366574e+000  -1.69090089e+001   9.11311992e+001   1.00641334e+000   2.53961432e+000   2.81363315e+000 
  65_15_20180803.jpg -7.61952163e+000   2.08146463e+000   9.36661982e+001   2.09607479e+000   2.51643171e+000   3.54106281e+000 
  65_16_20180803.jpg  1.28410640e+001  -4.78235563e+000   9.18737718e+001   1.67511486e+000   1.46767915e+000   3.36774459e+000 
  65_18_20180803.jpg  1.33558926e+001   1.70774557e+000   9.02135647e+001   2.10880104e+000   1.18575679e+000   3.71252830e+000 
  65_09_20180803.jpg -1.90214673e+001  -4.23911888e+000   2.06629024e+000   1.88903059e+000   3.03764899e+000   3.75030655e+000 
  65_17_20180803.jpg  1.27227871e+001  -1.11947988e+001   9.36112256e+001   1.28943993e+000   1.22850213e+000   3.27564956e+000 

Iteration: 5
               Photo       Omega, deg          Phi, deg        Kappa, deg                Xo                Yo                Zo 
  65_01_20180803.jpg -5.61765563e+000  -3.73107488e+000   2.10675574e+000   1.96202851e+000   2.09799739e+000   3.33636756e+000 
  65_02_20180803.jpg -8.20249922e+000   4.89938019e+000   3.13005889e+000   2.05565974e+000   2.25392359e+000   3.68555139e+000 
  65_03_20180803.jpg -3.80152232e+000  -1.67956269e+001   4.48256764e-001   9.74233181e-001   1.95874108e+000   3.60690968e+000 
  65_04_20180803.jpg -1.53976744e+001  -9.55760059e+000   1.47903266e+000   1.45768445e+000   2.64515934e+000   3.02889716e+000 
  65_05_20180803.jpg  7.55057748e+000  -1.21686005e+001   1.18763603e+000   1.28491598e+000   1.26642081e+000   3.70719034e+000 
  65_06_20180803.jpg -1.51838064e+001  -1.73548458e+001   2.85422449e-001   9.96906935e-001   2.62198811e+000   3.05982441e+000 
  65_07_20180803.jpg  6.03132568e+000  -2.02574965e+001   6.25502491e-001   8.29083249e-001   1.34317820e+000   3.69883196e+000 
  65_08_20180803.jpg -5.12663641e+000  -7.65808130e-001   2.55153264e+000   1.90049380e+000   2.06407422e+000   3.47523878e+000 
  65_10_20180803.jpg -4.25075099e-001  -4.92241647e+000   9.24718467e+001   1.68045405e+000   2.16566892e+000   3.50706099e+000 
  65_11_20180803.jpg -2.75120197e-001  -1.63806197e+001   9.27068818e+001   1.01483121e+000   2.15694657e+000   3.03985453e+000 
  65_12_20180803.jpg -8.08390949e-001   3.91221804e+000   9.24944166e+001   2.24956896e+000   2.22545038e+000   3.76052066e+000 
  65_13_20180803.jpg -9.73492258e+000  -6.57874868e+000   9.26547929e+001   1.57708799e+000   2.59315813e+000   3.20636917e+000 
  65_14_20180803.jpg -8.94714205e+000  -1.70256871e+001   9.11751519e+001   1.01040084e+000   2.53274670e+000   2.80546400e+000 
  65_15_20180803.jpg -7.46404906e+000   1.86211469e+000   9.36478263e+001   2.08938792e+000   2.51003583e+000   3.52890375e+000 
  65_16_20180803.jpg  1.28583148e+001  -4.96604650e+000   9.18918782e+001   1.67280849e+000   1.47543357e+000   3.35346244e+000 
  65_18_20180803.jpg  1.33501190e+001   1.47651072e+000   9.02280080e+001   2.10109675e+000   1.19534056e+000   3.69809003e+000 
  65_09_20180803.jpg -1.91706517e+001  -4.32898810e+000   2.04913467e+000   1.89019476e+000   3.03605418e+000   3.73311776e+000 
  65_17_20180803.jpg  1.27665595e+001  -1.13499878e+001   9.36352325e+001   1.29046486e+000   1.23446929e+000   3.26205375e+000 

Iteration: 6
               Photo       Omega, deg          Phi, deg        Kappa, deg                Xo                Yo                Zo 
  65_01_20180803.jpg -5.61683362e+000  -3.74033463e+000   2.10940390e+000   1.96196077e+000   2.09657542e+000   3.33820148e+000 
  65_02_20180803.jpg -8.20498591e+000   4.88920807e+000   3.13477713e+000   2.05590253e+000   2.25266869e+000   3.68735691e+000 
  65_03_20180803.jpg -3.80138662e+000  -1.68193472e+001   4.47387563e-001   9.72752361e-001   1.95710624e+000   3.60850375e+000 
  65_04_20180803.jpg -1.54014415e+001  -9.57470231e+000   1.47880878e+000   1.45695533e+000   2.64434228e+000   3.03066538e+000 
  65_05_20180803.jpg  7.55583801e+000  -1.21896572e+001   1.19029703e+000   1.28372955e+000   1.26412226e+000   3.70847941e+000 
  65_06_20180803.jpg -1.51916588e+001  -1.73776728e+001   2.81650760e-001   9.95594289e-001   2.62128851e+000   3.06138464e+000 
  65_07_20180803.jpg  6.03288981e+000  -2.02854879e+001   6.26374678e-001   8.27173563e-001   1.34119283e+000   3.69995949e+000 
  65_08_20180803.jpg -5.12507397e+000  -7.78973499e-001   2.55484265e+000   1.90030367e+000   2.06251981e+000   3.47695073e+000 
  65_10_20180803.jpg -4.15163912e-001  -4.93762117e+000   9.24771773e+001   1.68039675e+000   2.16590655e+000   3.50873389e+000 
  65_11_20180803.jpg -2.65425811e-001  -1.64037877e+001   9.27141127e+001   1.01397443e+000   2.15717268e+000   3.04122610e+000 
  65_12_20180803.jpg -8.03513590e-001   3.90387404e+000   9.24980329e+001   2.25027938e+000   2.22608151e+000   3.76215251e+000 
  65_13_20180803.jpg -9.73041178e+000  -6.60388211e+000   9.26601057e+001   1.57641637e+000   2.59386479e+000   3.20746681e+000 
  65_14_20180803.jpg -8.93993483e+000  -1.70518075e+001   9.11813471e+001   1.00944928e+000   2.53320927e+000   2.80652450e+000 
  65_15_20180803.jpg -7.45968626e+000   1.84843247e+000   9.36524310e+001   2.08960741e+000   2.51085597e+000   3.53031419e+000 
  65_16_20180803.jpg  1.28716673e+001  -4.98152081e+000   9.18973676e+001   1.67271486e+000   1.47502671e+000   3.35518473e+000 
  65_18_20180803.jpg  1.33666437e+001   1.46532209e+000   9.02311826e+001   2.10158396e+000   1.19463763e+000   3.69976828e+000 
  65_09_20180803.jpg -1.91838505e+001  -4.34457427e+000   2.05044337e+000   1.88970009e+000   3.03592452e+000   3.73517710e+000 
  65_17_20180803.jpg  1.27793942e+001  -1.13658370e+001   9.36416470e+001   1.29012548e+000   1.23415282e+000   3.26381271e+000 

Iteration: 7
               Photo       Omega, deg          Phi, deg        Kappa, deg                Xo                Yo                Zo 
  65_01_20180803.jpg -5.61632265e+000  -3.73983458e+000   2.10923707e+000   1.96200911e+000   2.09649298e+000   3.33804720e+000 
  65_02_20180803.jpg -8.20468980e+000   4.89002242e+000   3.13472319e+000   2.05596050e+000   2.25258801e+000   3.68718321e+000 
  65_03_20180803.jpg -3.80115371e+000  -1.68193873e+001   4.47050779e-001   9.72805646e-001   1.95704001e+000   3.60834002e+000 
  65_04_20180803.jpg -1.54010125e+001  -9.57461272e+000   1.47864286e+000   1.45699387e+000   2.64424579e+000   3.03051841e+000 
  65_05_20180803.jpg  7.55590076e+000  -1.21894555e+001   1.18992957e+000   1.28378756e+000   1.26409481e+000   3.70830892e+000 
  65_06_20180803.jpg -1.51916345e+001  -1.73776643e+001   2.81360800e-001   9.95648907e-001   2.62121440e+000   3.06123498e+000 
  65_07_20180803.jpg  6.03313446e+000  -2.02859989e+001   6.25992516e-001   8.27204863e-001   1.34115006e+000   3.69977833e+000 
  65_08_20180803.jpg -5.12449015e+000  -7.78711010e-001   2.55464869e+000   1.90033412e+000   2.06243130e+000   3.47677865e+000 
  65_10_20180803.jpg -4.14746317e-001  -4.93745349e+000   9.24769872e+001   1.68045491e+000   2.16587890e+000   3.50856073e+000 
  65_11_20180803.jpg -2.65452166e-001  -1.64037484e+001   9.27138701e+001   1.01405137e+000   2.15717349e+000   3.04106291e+000 
  65_12_20180803.jpg -8.03427247e-001   3.90441073e+000   9.24978403e+001   2.25034302e+000   2.22607575e+000   3.76197043e+000 
  65_13_20180803.jpg -9.73049675e+000  -6.60400652e+000   9.26599483e+001   1.57646036e+000   2.59384454e+000   3.20728705e+000 
  65_14_20180803.jpg -8.93997671e+000  -1.70517992e+001   9.11811785e+001   1.00952383e+000   2.53318735e+000   2.80636235e+000 
  65_15_20180803.jpg -7.45995439e+000   1.84864453e+000   9.36523413e+001   2.08964914e+000   2.51085464e+000   3.53012897e+000 
  65_16_20180803.jpg  1.28717898e+001  -4.98172242e+000   9.18970719e+001   1.67274881e+000   1.47505280e+000   3.35502515e+000 
  65_18_20180803.jpg  1.33669164e+001   1.46540818e+000   9.02308460e+001   2.10162391e+000   1.19465496e+000   3.69959764e+000 
  65_09_20180803.jpg -1.91843281e+001  -4.34514698e+000   2.05016939e+000   1.88968386e+000   3.03586424e+000   3.73501068e+000 
  65_17_20180803.jpg  1.27790826e+001  -1.13657061e+001   9.36412532e+001   1.29019348e+000   1.23420500e+000   3.26366762e+000 

Iteration: 8
               Photo       Omega, deg          Phi, deg        Kappa, deg                Xo                Yo                Zo 
  65_01_20180803.jpg -5.61620180e+000  -3.73967817e+000   2.10920869e+000   1.96201167e+000   2.09649688e+000   3.33803930e+000 
  65_02_20180803.jpg -8.20454803e+000   4.89017343e+000   3.13467128e+000   2.05596136e+000   2.25259073e+000   3.68717535e+000 
  65_03_20180803.jpg -3.80102613e+000  -1.68192097e+001   4.47061782e-001   9.72811715e-001   1.95704500e+000   3.60833269e+000 
  65_04_20180803.jpg -1.54008918e+001  -9.57445218e+000   1.47863605e+000   1.45699749e+000   2.64424853e+000   3.03051001e+000 
  65_05_20180803.jpg  7.55601034e+000  -1.21892748e+001   1.18991531e+000   1.28379325e+000   1.26410193e+000   3.70830296e+000 
  65_06_20180803.jpg -1.51914864e+001  -1.73774842e+001   2.81381517e-001   9.95654854e-001   2.62121642e+000   3.06122777e+000 
  65_07_20180803.jpg  6.03324783e+000  -2.02858182e+001   6.26004782e-001   8.27211622e-001   1.34115722e+000   3.69977267e+000 
  65_08_20180803.jpg -5.12436081e+000  -7.78561229e-001   2.55461094e+000   1.90033579e+000   2.06243497e+000   3.47677098e+000 
  65_10_20180803.jpg -4.14844591e-001  -4.93726245e+000   9.24769345e+001   1.68045723e+000   2.16587525e+000   3.50855339e+000 
  65_11_20180803.jpg -2.65571184e-001  -1.64035422e+001   9.27137859e+001   1.01405586e+000   2.15717124e+000   3.04105639e+000 
  65_12_20180803.jpg -8.03524411e-001   3.90459393e+000   9.24978081e+001   2.25034382e+000   2.22607182e+000   3.76196304e+000 
  65_13_20180803.jpg -9.73057551e+000  -6.60378021e+000   9.26598977e+001   1.57646469e+000   2.59383935e+000   3.20728229e+000 
  65_14_20180803.jpg -8.94007717e+000  -1.70515729e+001   9.11811023e+001   1.00952893e+000   2.53318391e+000   2.80635747e+000 
  65_15_20180803.jpg -7.46006168e+000   1.84884204e+000   9.36523070e+001   2.08965127e+000   2.51085059e+000   3.53012233e+000 
  65_16_20180803.jpg  1.28716688e+001  -4.98155790e+000   9.18970137e+001   1.67274942e+000   1.47505250e+000   3.35501731e+000 
  65_18_20180803.jpg  1.33667979e+001   1.46558250e+000   9.02308061e+001   2.10162387e+000   1.19465486e+000   3.69958974e+000 
  65_09_20180803.jpg -1.91841936e+001  -4.34499365e+000   2.05014781e+000   1.88968637e+000   3.03586581e+000   3.73500071e+000 
  65_17_20180803.jpg  1.27789428e+001  -1.13655295e+001   9.36411801e+001   1.29019578e+000   1.23420537e+000   3.26365982e+000 

Iteration: 9
               Photo       Omega, deg          Phi, deg        Kappa, deg                Xo                Yo                Zo 
  65_01_20180803.jpg -5.61620379e+000  -3.73967315e+000   2.10920783e+000   1.96201134e+000   2.09649840e+000   3.33803884e+000 
  65_02_20180803.jpg -8.20454510e+000   4.89017556e+000   3.13466760e+000   2.05596062e+000   2.25259205e+000   3.68717506e+000 
  65_03_20180803.jpg -3.80102487e+000  -1.68191904e+001   4.47065560e-001   9.72812386e-001   1.95704653e+000   3.60833245e+000 
  65_04_20180803.jpg -1.54008899e+001  -9.57443863e+000   1.47863748e+000   1.45699771e+000   2.64424970e+000   3.03050956e+000 
  65_05_20180803.jpg  7.55600870e+000  -1.21892589e+001   1.18991659e+000   1.28379368e+000   1.26410371e+000   3.70830297e+000 
  65_06_20180803.jpg -1.51914780e+001  -1.73774661e+001   2.81386720e-001   9.95655395e-001   2.62121731e+000   3.06122749e+000 
  65_07_20180803.jpg  6.03324676e+000  -2.02857930e+001   6.26007815e-001   8.27212730e-001   1.34115896e+000   3.69977287e+000 
  65_08_20180803.jpg -5.12436315e+000  -7.78552708e-001   2.55460963e+000   1.90033559e+000   2.06243658e+000   3.47677073e+000 
  65_10_20180803.jpg -4.14855594e-001  -4.93725087e+000   9.24769321e+001   1.68045684e+000   2.16587515e+000   3.50855318e+000 
  65_11_20180803.jpg -2.65579388e-001  -1.64035238e+001   9.27137819e+001   1.01405593e+000   2.15717099e+000   3.04105636e+000 
  65_12_20180803.jpg -8.03529775e-001   3.90459760e+000   9.24978073e+001   2.25034279e+000   2.22607130e+000   3.76196290e+000 
  65_13_20180803.jpg -9.73057751e+000  -6.60376054e+000   9.26598953e+001   1.57646477e+000   2.59383875e+000   3.20728258e+000 
  65_14_20180803.jpg -8.94008225e+000  -1.70515524e+001   9.11810987e+001   1.00952908e+000   2.53318357e+000   2.80635767e+000 
  65_15_20180803.jpg -7.46006405e+000   1.84885172e+000   9.36523046e+001   2.08965074e+000   2.51084988e+000   3.53012240e+000 
  65_16_20180803.jpg  1.28716557e+001  -4.98154389e+000   9.18970118e+001   1.67274919e+000   1.47505263e+000   3.35501699e+000 
  65_18_20180803.jpg  1.33667825e+001   1.46559182e+000   9.02308065e+001   2.10162319e+000   1.19465521e+000   3.69958948e+000 
  65_09_20180803.jpg -1.91841779e+001  -4.34497704e+000   2.05014866e+000   1.88968674e+000   3.03586618e+000   3.73500018e+000 
  65_17_20180803.jpg  1.27789323e+001  -1.13655168e+001   9.36411778e+001   1.29019555e+000   1.23420530e+000   3.26365940e+000 

Iteration: 10
               Photo       Omega, deg          Phi, deg        Kappa, deg                Xo                Yo                Zo 
  65_01_20180803.jpg -5.61620503e+000  -3.73967445e+000   2.10920812e+000   1.96201128e+000   2.09649846e+000   3.33803899e+000 
  65_02_20180803.jpg -8.20454623e+000   4.89017396e+000   3.13466792e+000   2.05596056e+000   2.25259211e+000   3.68717522e+000 
  65_03_20180803.jpg -3.80102589e+000  -1.68191912e+001   4.47065779e-001   9.72812323e-001   1.95704657e+000   3.60833261e+000 
  65_04_20180803.jpg -1.54008910e+001  -9.57443950e+000   1.47863766e+000   1.45699767e+000   2.64424977e+000   3.03050971e+000 
  65_05_20180803.jpg  7.55600784e+000  -1.21892599e+001   1.18991695e+000   1.28379361e+000   1.26410372e+000   3.70830312e+000 
  65_06_20180803.jpg -1.51914789e+001  -1.73774669e+001   2.81386870e-001   9.95655329e-001   2.62121737e+000   3.06122764e+000 
  65_07_20180803.jpg  6.03324574e+000  -2.02857934e+001   6.26008030e-001   8.27212686e-001   1.34115898e+000   3.69977303e+000 
  65_08_20180803.jpg -5.12436449e+000  -7.78553764e-001   2.55461000e+000   1.90033556e+000   2.06243665e+000   3.47677089e+000 
  65_10_20180803.jpg -4.14855429e-001  -4.93725207e+000   9.24769325e+001   1.68045678e+000   2.16587519e+000   3.50855335e+000 
  65_11_20180803.jpg -2.65578728e-001  -1.64035249e+001   9.27137825e+001   1.01405585e+000   2.15717100e+000   3.04105651e+000 
  65_12_20180803.jpg -8.03529285e-001   3.90459605e+000   9.24978076e+001   2.25034272e+000   2.22607133e+000   3.76196307e+000 
  65_13_20180803.jpg -9.73057695e+000  -6.60376163e+000   9.26598957e+001   1.57646471e+000   2.59383879e+000   3.20728274e+000 
  65_14_20180803.jpg -8.94008163e+000  -1.70515535e+001   9.11810992e+001   1.00952900e+000   2.53318360e+000   2.80635782e+000 
  65_15_20180803.jpg -7.46006316e+000   1.84885041e+000   9.36523049e+001   2.08965069e+000   2.51084990e+000   3.53012258e+000 
  65_16_20180803.jpg  1.28716561e+001  -4.98154460e+000   9.18970124e+001   1.67274916e+000   1.47505262e+000   3.35501715e+000 
  65_18_20180803.jpg  1.33667828e+001   1.46559075e+000   9.02308070e+001   2.10162315e+000   1.19465520e+000   3.69958965e+000 
  65_09_20180803.jpg -1.91841782e+001  -4.34497735e+000   2.05014902e+000   1.88968675e+000   3.03586621e+000   3.73500035e+000 
  65_17_20180803.jpg  1.27789332e+001  -1.13655179e+001   9.36411785e+001   1.29019549e+000   1.23420527e+000   3.26365954e+000 

Iteration: 11
               Photo       Omega, deg          Phi, deg        Kappa, deg                Xo                Yo                Zo 
  65_01_20180803.jpg -5.61620512e+000  -3.73967462e+000   2.10920815e+000   1.96201128e+000   2.09649845e+000   3.33803900e+000 
  65_02_20180803.jpg -8.20454637e+000   4.89017381e+000   3.13466798e+000   2.05596056e+000   2.25259210e+000   3.68717523e+000 
  65_03_20180803.jpg -3.80102601e+000  -1.68191915e+001   4.47065749e-001   9.72812313e-001   1.95704655e+000   3.60833262e+000 
  65_04_20180803.jpg -1.54008911e+001  -9.57443972e+000   1.47863766e+000   1.45699767e+000   2.64424976e+000   3.03050973e+000 
  65_05_20180803.jpg  7.55600775e+000  -1.21892602e+001   1.18991696e+000   1.28379360e+000   1.26410370e+000   3.70830313e+000 
  65_06_20180803.jpg -1.51914791e+001  -1.73774672e+001   2.81386823e-001   9.95655320e-001   2.62121736e+000   3.06122765e+000 
  65_07_20180803.jpg  6.03324565e+000  -2.02857937e+001   6.26008004e-001   8.27212673e-001   1.34115896e+000   3.69977304e+000 
  65_08_20180803.jpg -5.12436459e+000  -7.78553950e-001   2.55461004e+000   1.90033556e+000   2.06243663e+000   3.47677090e+000 
  65_10_20180803.jpg -4.14855280e-001  -4.93725231e+000   9.24769326e+001   1.68045678e+000   2.16587520e+000   3.50855335e+000 
  65_11_20180803.jpg -2.65578574e-001  -1.64035252e+001   9.27137826e+001   1.01405585e+000   2.15717101e+000   3.04105652e+000 
  65_12_20180803.jpg -8.03529169e-001   3.90459586e+000   9.24978077e+001   2.25034272e+000   2.22607133e+000   3.76196308e+000 
  65_13_20180803.jpg -9.73057687e+000  -6.60376195e+000   9.26598958e+001   1.57646470e+000   2.59383879e+000   3.20728275e+000 
  65_14_20180803.jpg -8.94008151e+000  -1.70515538e+001   9.11810993e+001   1.00952899e+000   2.53318361e+000   2.80635783e+000 
  65_15_20180803.jpg -7.46006305e+000   1.84885017e+000   9.36523049e+001   2.08965069e+000   2.51084991e+000   3.53012258e+000 
  65_16_20180803.jpg  1.28716563e+001  -4.98154483e+000   9.18970124e+001   1.67274916e+000   1.47505262e+000   3.35501716e+000 
  65_18_20180803.jpg  1.33667830e+001   1.46559054e+000   9.02308070e+001   2.10162316e+000   1.19465520e+000   3.69958966e+000 
  65_09_20180803.jpg -1.91841784e+001  -4.34497758e+000   2.05014903e+000   1.88968674e+000   3.03586621e+000   3.73500036e+000 
  65_17_20180803.jpg  1.27789334e+001  -1.13655181e+001   9.36411786e+001   1.29019549e+000   1.23420527e+000   3.26365955e+000 

Iteration: 12
               Photo       Omega, deg          Phi, deg        Kappa, deg                Xo                Yo                Zo 
  65_01_20180803.jpg -5.61620511e+000  -3.73967462e+000   2.10920815e+000   1.96201128e+000   2.09649844e+000   3.33803900e+000 
  65_02_20180803.jpg -8.20454637e+000   4.89017381e+000   3.13466799e+000   2.05596056e+000   2.25259210e+000   3.68717523e+000 
  65_03_20180803.jpg -3.80102600e+000  -1.68191915e+001   4.47065745e-001   9.72812313e-001   1.95704655e+000   3.60833262e+000 
  65_04_20180803.jpg -1.54008911e+001  -9.57443973e+000   1.47863766e+000   1.45699767e+000   2.64424976e+000   3.03050973e+000 
  65_05_20180803.jpg  7.55600776e+000  -1.21892602e+001   1.18991695e+000   1.28379360e+000   1.26410370e+000   3.70830313e+000 
  65_06_20180803.jpg -1.51914791e+001  -1.73774672e+001   2.81386817e-001   9.95655320e-001   2.62121736e+000   3.06122765e+000 
  65_07_20180803.jpg  6.03324565e+000  -2.02857937e+001   6.26008000e-001   8.27212673e-001   1.34115896e+000   3.69977304e+000 
  65_08_20180803.jpg -5.12436458e+000  -7.78553952e-001   2.55461004e+000   1.90033556e+000   2.06243663e+000   3.47677090e+000 
  65_10_20180803.jpg -4.14855270e-001  -4.93725231e+000   9.24769326e+001   1.68045678e+000   2.16587520e+000   3.50855335e+000 
  65_11_20180803.jpg -2.65578570e-001  -1.64035252e+001   9.27137826e+001   1.01405585e+000   2.15717101e+000   3.04105652e+000 
  65_12_20180803.jpg -8.03529167e-001   3.90459587e+000   9.24978077e+001   2.25034273e+000   2.22607133e+000   3.76196308e+000 
  65_13_20180803.jpg -9.73057687e+000  -6.60376196e+000   9.26598958e+001   1.57646470e+000   2.59383879e+000   3.20728274e+000 
  65_14_20180803.jpg -8.94008151e+000  -1.70515539e+001   9.11810993e+001   1.00952899e+000   2.53318361e+000   2.80635782e+000 
  65_15_20180803.jpg -7.46006305e+000   1.84885017e+000   9.36523049e+001   2.08965069e+000   2.51084991e+000   3.53012258e+000 
  65_16_20180803.jpg  1.28716563e+001  -4.98154484e+000   9.18970124e+001   1.67274916e+000   1.47505262e+000   3.35501716e+000 
  65_18_20180803.jpg  1.33667830e+001   1.46559054e+000   9.02308070e+001   2.10162316e+000   1.19465520e+000   3.69958966e+000 
  65_09_20180803.jpg -1.91841784e+001  -4.34497759e+000   2.05014903e+000   1.88968674e+000   3.03586621e+000   3.73500036e+000 
  65_17_20180803.jpg  1.27789334e+001  -1.13655181e+001   9.36411786e+001   1.29019549e+000   1.23420527e+000   3.26365955e+000 


Covariance matrix of EOPs after final iteration:

Photo: 65_01_20180803.jpg
5.09591979e+002	1.73986260e+002	1.88574111e+002	1.31904681e+000	1.75893748e+000	4.38200963e-001	
1.73986260e+002	5.68764945e+002	3.05518834e+002	2.53023432e+000	1.15360028e+000	1.31651221e+000	
1.88574111e+002	3.05518834e+002	2.36903665e+002	1.60204928e+000	9.80547787e-001	9.65374806e-001	
1.31904681e+000	2.53023432e+000	1.60204928e+000	1.35586869e-002	7.01408755e-003	7.56336437e-003	
1.75893748e+000	1.15360028e+000	9.80547787e-001	7.01408755e-003	8.53207721e-003	3.36504701e-003	
4.38200963e-001	1.31651221e+000	9.65374806e-001	7.56336437e-003	3.36504701e-003	1.84216366e-002	

Photo: 65_02_20180803.jpg
5.47498542e+002	2.45154926e+002	7.85295648e+001	1.52970926e+000	2.06318754e+000	6.65733273e-001	
2.45154926e+002	7.07244024e+002	2.78847637e+002	3.29198470e+000	1.54167461e+000	9.83707956e-001	
7.85295648e+001	2.78847637e+002	2.33841560e+002	1.52106294e+000	9.36075486e-001	9.80230024e-001	
1.52970926e+000	3.29198470e+000	1.52106294e+000	1.75961758e-002	8.85095174e-003	9.80799904e-003	
2.06318754e+000	1.54167461e+000	9.36075486e-001	8.85095174e-003	1.04325918e-002	5.89380822e-003	
6.65733273e-001	9.83707956e-001	9.80230024e-001	9.80799904e-003	5.89380822e-003	1.93652946e-002	

Photo: 65_03_20180803.jpg
5.28014656e+002	2.97856259e+002	2.72399675e+002	1.74612823e+000	1.89785205e+000	6.85613871e-001	
2.97856259e+002	6.10944229e+002	3.05443549e+002	2.82068523e+000	1.63791120e+000	6.95196928e-001	
2.72399675e+002	3.05443549e+002	2.68391310e+002	1.60015012e+000	1.16032342e+000	1.31335960e+000	
1.74612823e+000	2.82068523e+000	1.60015012e+000	1.53757118e-002	9.03441420e-003	6.61681432e-003	
1.89785205e+000	1.63791120e+000	1.16032342e+000	9.03441420e-003	9.54171431e-003	3.12572363e-003	
6.85613871e-001	6.95196928e-001	1.31335960e+000	6.61681432e-003	3.12572363e-003	1.91287646e-002	

Photo: 65_04_20180803.jpg
5.46931791e+002	2.03222281e+002	2.21586363e+002	1.41939345e+000	1.92511817e+000	1.06150032e+000	
2.03222281e+002	6.43046901e+002	2.27016131e+002	2.81057050e+000	1.33657944e+000	6.54075608e-001	
2.21586363e+002	2.27016131e+002	2.03064331e+002	1.17324351e+000	1.03511048e+000	1.03677878e+000	
1.41939345e+000	2.81057050e+000	1.17324351e+000	1.42446833e-002	7.46139430e-003	2.48126915e-003	
1.92511817e+000	1.33657944e+000	1.03511048e+000	7.46139430e-003	9.61443404e-003	8.48241955e-003	
1.06150032e+000	6.54075608e-001	1.03677878e+000	2.48126915e-003	8.48241955e-003	1.71003554e-002	

Photo: 65_05_20180803.jpg
5.66027077e+002	3.59774982e+002	2.90362473e+002	2.06653653e+000	2.24318723e+000	8.66261534e-001	
3.59774982e+002	5.86540426e+002	3.83610895e+002	2.73580689e+000	1.86055096e+000	6.47346670e-001	
2.90362473e+002	3.83610895e+002	3.26473678e+002	2.04129383e+000	1.26998057e+000	1.37405831e+000	
2.06653653e+000	2.73580689e+000	2.04129383e+000	1.50553397e-002	1.04110473e-002	1.77082155e-003	
2.24318723e+000	1.86055096e+000	1.26998057e+000	1.04110473e-002	1.18892881e-002	8.73208064e-003	
8.66261534e-001	6.47346670e-001	1.37405831e+000	1.77082155e-003	8.73208064e-003	1.92967448e-002	

Photo: 65_06_20180803.jpg
6.31082865e+002	1.33397716e+002	2.87535837e+002	1.24933816e+000	2.23968737e+000	6.17526669e-001	
1.33397716e+002	6.63140307e+002	2.12436308e+002	2.91001688e+000	1.17713141e+000	3.94877125e-001	
2.87535837e+002	2.12436308e+002	2.38332635e+002	1.05398774e+000	1.17550358e+000	1.16862594e+000	
1.24933816e+000	2.91001688e+000	1.05398774e+000	1.49281916e-002	6.53500437e-003	5.57280661e-003	
2.23968737e+000	1.17713141e+000	1.17550358e+000	6.53500437e-003	1.05618160e-002	7.77198573e-003	
6.17526669e-001	3.94877125e-001	1.16862594e+000	5.57280661e-003	7.77198573e-003	1.72405003e-002	

Photo: 65_07_20180803.jpg
5.96837256e+002	3.19784120e+002	3.33303205e+002	1.95046052e+000	2.30200375e+000	3.09510143e-001	
3.19784120e+002	6.30401808e+002	3.65093968e+002	2.91352523e+000	1.66383589e+000	4.67408538e-001	
3.33303205e+002	3.65093968e+002	3.45593022e+002	1.94764469e+000	1.33968942e+000	1.36473315e+000	
1.95046052e+000	2.91352523e+000	1.94764469e+000	1.61041514e-002	1.01374744e-002	6.86665330e-003	
2.30200375e+000	1.66383589e+000	1.33968942e+000	1.01374744e-002	1.17168330e-002	7.40899150e-003	
3.09510143e-001	4.67408538e-001	1.36473315e+000	6.86665330e-003	7.40899150e-003	1.91412093e-002	

Photo: 65_08_20180803.jpg
5.03826055e+002	2.55499922e+002	1.54951473e+002	1.52291250e+000	1.80349782e+000	4.03993582e-001	
2.55499922e+002	6.19785529e+002	3.18845326e+002	2.81978465e+000	1.49643749e+000	1.01417190e+000	
1.54951473e+002	3.18845326e+002	2.41089807e+002	1.67031578e+000	9.69850322e-001	1.04087219e+000	
1.52291250e+000	2.81978465e+000	1.67031578e+000	1.50180902e-002	8.18863309e-003	8.02601755e-003	
1.80349782e+000	1.49643749e+000	9.69850322e-001	8.18863309e-003	9.09505175e-003	3.28825084e-003	
4.03993582e-001	1.01417190e+000	1.04087219e+000	8.02601755e-003	3.28825084e-003	1.89322397e-002	

Photo: 65_10_20180803.jpg
4.60759565e+002	2.59117660e+002	2.07266941e+002	1.57350174e+000	1.70562034e+000	6.59343215e-001	
2.59117660e+002	5.94253999e+002	3.63794541e+002	2.71860123e+000	1.13499052e+000	9.61511320e-001	
2.07266941e+002	3.63794541e+002	2.79724360e+002	1.88646361e+000	9.01321615e-001	1.15652172e+000	
1.57350174e+000	2.71860123e+000	1.88646361e+000	1.51547694e-002	7.48493682e-003	5.22789371e-003	
1.70562034e+000	1.13499052e+000	9.01321615e-001	7.48493682e-003	9.02399399e-003	5.36530931e-003	
6.59343215e-001	9.61511320e-001	1.15652172e+000	5.22789371e-003	5.36530931e-003	1.91045595e-002	

Photo: 65_11_20180803.jpg
5.07967452e+002	3.47965013e+002	3.12610293e+002	1.86013643e+000	1.77067655e+000	4.29811652e-001	
3.47965013e+002	5.87976433e+002	3.55058969e+002	2.60421179e+000	1.40381528e+000	7.99325474e-001	
3.12610293e+002	3.55058969e+002	3.16642384e+002	1.74817244e+000	1.13281540e+000	1.16912917e+000	
1.86013643e+000	2.60421179e+000	1.74817244e+000	1.44336051e-002	7.77835009e-003	6.66864471e-003	
1.77067655e+000	1.40381528e+000	1.13281540e+000	7.77835009e-003	8.52461641e-003	5.75837558e-003	
4.29811652e-001	7.99325474e-001	1.16912917e+000	6.66864471e-003	5.75837558e-003	1.69090039e-002	

Photo: 65_12_20180803.jpg
5.11954611e+002	2.72663981e+002	1.55638382e+002	1.60564249e+000	1.99789835e+000	4.90064714e-001	
2.72663981e+002	6.67730233e+002	3.69916107e+002	3.18284217e+000	1.34789394e+000	1.56905844e+000	
1.55638382e+002	3.69916107e+002	2.78478979e+002	1.97668514e+000	8.58950535e-001	1.13348467e+000	
1.60564249e+000	3.18284217e+000	1.97668514e+000	1.77931893e-002	8.54101098e-003	1.01044769e-002	
1.99789835e+000	1.34789394e+000	8.58950535e-001	8.54101098e-003	1.03694897e-002	6.13440278e-003	
4.90064714e-001	1.56905844e+000	1.13348467e+000	1.01044769e-002	6.13440278e-003	1.95132459e-002	

Photo: 65_13_20180803.jpg
5.78824288e+002	8.51721111e+001	3.04632460e+002	1.19423043e+000	2.21476996e+000	1.06896727e+000	
8.51721111e+001	8.27250682e+002	2.32003781e+002	3.49378180e+000	6.94423730e-001	1.63964307e+000	
3.04632460e+002	2.32003781e+002	2.77732907e+002	1.25830729e+000	1.27428528e+000	7.37474721e-001	
1.19423043e+000	3.49378180e+000	1.25830729e+000	1.70626089e-002	6.39336090e-003	6.25115576e-003	
2.21476996e+000	6.94423730e-001	1.27428528e+000	6.39336090e-003	1.12184558e-002	7.51457254e-003	
1.06896727e+000	1.63964307e+000	7.37474721e-001	6.25115576e-003	7.51457254e-003	1.80462246e-002	

Photo: 65_14_20180803.jpg
4.98175769e+002	3.32805050e+002	2.94804491e+002	1.76434556e+000	1.72397873e+000	5.91200829e-001	
3.32805050e+002	6.10534627e+002	3.08195482e+002	2.63872089e+000	1.31899758e+000	7.45534340e-001	
2.94804491e+002	3.08195482e+002	2.78813946e+002	1.43258786e+000	1.07426568e+000	1.07787389e+000	
1.76434556e+000	2.63872089e+000	1.43258786e+000	1.41755710e-002	6.84530494e-003	6.59343839e-003	
1.72397873e+000	1.31899758e+000	1.07426568e+000	6.84530494e-003	8.87318778e-003	7.98577555e-003	
5.91200829e-001	7.45534340e-001	1.07787389e+000	6.59343839e-003	7.98577555e-003	1.57675410e-002	

Photo: 65_15_20180803.jpg
4.75597546e+002	2.12835978e+002	1.34841290e+002	1.39962421e+000	1.79584901e+000	6.42044087e-001	
2.12835978e+002	6.43188762e+002	3.19281462e+002	2.96261122e+000	1.13291642e+000	1.36937092e+000	
1.34841290e+002	3.19281462e+002	2.28270252e+002	1.65988819e+000	7.92099211e-001	1.01669043e+000	
1.39962421e+000	2.96261122e+000	1.65988819e+000	1.62479991e-002	7.83268882e-003	8.47808418e-003	
1.79584901e+000	1.13291642e+000	7.92099211e-001	7.83268882e-003	9.99919400e-003	8.01822053e-003	
6.42044087e-001	1.36937092e+000	1.01669043e+000	8.47808418e-003	8.01822053e-003	1.85402384e-002	

Photo: 65_16_20180803.jpg
5.33258030e+002	2.81085153e+002	2.43121455e+002	1.57248713e+000	2.03909868e+000	1.33274333e+000	
2.81085153e+002	5.41307672e+002	4.03185389e+002	2.47475748e+000	1.21286898e+000	7.18500711e-001	
2.43121455e+002	4.03185389e+002	3.66535969e+002	2.16182709e+000	9.62537775e-001	1.17580945e+000	
1.57248713e+000	2.47475748e+000	2.16182709e+000	1.42789370e-002	7.33544076e-003	4.86875599e-003	
2.03909868e+000	1.21286898e+000	9.62537775e-001	7.33544076e-003	1.01400977e-002	7.94914848e-003	
1.33274333e+000	7.18500711e-001	1.17580945e+000	4.86875599e-003	7.94914848e-003	1.81550503e-002	

Photo: 65_18_20180803.jpg
5.16333262e+002	1.84389915e+002	1.55277914e+002	1.17593834e+000	2.10982538e+000	1.77503731e+000	
1.84389915e+002	5.80408579e+002	4.22941790e+002	2.76490898e+000	7.34352997e-001	1.35112410e+000	
1.55277914e+002	4.22941790e+002	3.63689746e+002	2.31463258e+000	6.99962964e-001	1.25499099e+000	
1.17593834e+000	2.76490898e+000	2.31463258e+000	1.60979500e-002	5.39200180e-003	9.15650350e-003	
2.10982538e+000	7.34352997e-001	6.99962964e-001	5.39200180e-003	1.11587927e-002	9.88398654e-003	
1.77503731e+000	1.35112410e+000	1.25499099e+000	9.15650350e-003	9.88398654e-003	1.87535151e-002	

Photo: 65_09_20180803.jpg
5.17127356e+002	2.13768767e+002	1.43466041e+002	1.49224566e+000	2.06227231e+000	1.43059275e+000	
2.13768767e+002	6.23749830e+002	2.23719331e+002	2.91276036e+000	1.56010387e+000	1.20864157e+000	
1.43466041e+002	2.23719331e+002	1.67104914e+002	1.17286708e+000	9.11515416e-001	8.11109697e-001	
1.49224566e+000	2.91276036e+000	1.17286708e+000	1.58576973e-002	9.15195659e-003	7.25917096e-003	
2.06227231e+000	1.56010387e+000	9.11515416e-001	9.15195659e-003	1.18096023e-002	1.10493025e-002	
1.43059275e+000	1.20864157e+000	8.11109697e-001	7.25917096e-003	1.10493025e-002	1.86294047e-002	

